# INFORME AC P3 :: 2019-20
## Alonso Rodriguez Iglesias

### Datos
    NOMBRE:      Alonso Rodriguez Iglesias
    EMAIL:       alonso.rodriguez@udc.es
    DNI:         49330318X
    COMPILACION: makefile (CC: mpicc)
    EJECUCION:   mpirun --oversubscribe -np numprocs ./main m k n alfa test debug time

    MPI:         openmpi 4.0.3-1 [https://www.archlinux.org/packages/extra/x86_64/openmpi/]
    ENTORNO:     Linux 5.6.13-1-ck-ivybridge #1 SMP PREEMPT x86_64 GNU/Linux
    DISTRO:      Arch Linux Rolling

    CPU:         Intel(R) Core(TM) i5-3230M CPU @ 2.60GHz
    RAM:         7,6 GiB DDR3 @ 1600 MHz

### Cambios realizados
Esta práctica se apoya en la base de la anterior para implementar el algoritmo SUMMA.
Con respecto a la práctica anterior los cambios son los siguientes:
1. Ahora contamos con el parámetro debug, que nos permite indicar al programa si queremos mostrar las matrices A, B y C. Esta función antes la desempeñaba el parámetro test, que ahora ha pasado a tener un nombre con más sentido, y nos permite activar o desactivar si se realiza un test con respecto a la versión single-thread de la matriz C, ya que dependiendo del tamaño de la matriz, podía llevar una cantidad importante de tiempo.
2. Cambios generales en la estructura del programa, especialmente en la difusión de parámetros, matrices, y algoritmo empleado, que se exponen a continuación.

### Funcionamiento de la práctica
El funcionamiento de la práctica es el siguiente:
1. Leemos los parámetros, que se encuentran documentados en el propio código.
2. Verificamos que los parámetros son válidos. En caso de no serlo, abortamos el programa y mostramos un mensaje de error.
3. El proceso #0 distribuye los datos leidos por línea de comandos.
4. El proceso #0 inicializa las matrices.
5. El proceso #0 define los comunicadores fila y columna.
6. Cada proceso calcula mpp, kpp y npp (*pp = * por proceso // * per process) y reserva memoria para localA, localB, y localC, así como para bufA y bufB.
7. Cada proceso comienza su medición de tiempo.
8. El proceso #0 envía las submatrices correspondientes a cada proceso haciendo uso de un tipo vector de MPI, y copia su parte en local, sin hacerse un send a si mismo.
9. Se realiza el algoritmo. Para ello las difusiones se realizan empleando únicamente comunicadores fila y columna.
10. El proceso #0 recoge de vuelta los resultados de cada uno de los procesos.
11. Medimos el final de los tiempos de ejecución.
12. Si el flag test está a 1, comprobamos que el resultado de la multiplicación sea correcto.
13. Mostramos los tiempos de ejecución (comunicaciones y computaciones) por cada proceso.
14. Liberamos la memoria, tipos, comunicadores, etc reservados, restantes.

Las matrices se imprimen por stdout, y el resto de mensajes por stderr, así podemos ejecutar comandos del estilo

    mpirun -np 4 ./main m k n alfa test debug time > matrices.txt
y guardar los resultados a parte, obteniendo los tiempos y los errores en la salida stderr de terminal.
Para que se imprima alguna matriz a matrices.txt, debug tiene que valer 1.

### Parámetros
| Parámetro | Descripción |
|-----------|-------------|
| m         | Valor m de la matriz |
| k         | Valor k de la matriz |
| n         | Valor n de la matriz |
| alfa      | Factor de escalado alfa |
| test      | Indica si queremos comprobar errores en la matriz de resultado |
| debug     | Indica si queremos mostrar las matrices por stdout |
| time      | Indica si queremos imprimir los tiempos de cada proceso |

### Alterar el funcionamiento con \#define
Para cumplir con algunos requisitos, como por ejemplo implementar los comunicadores con MPI_Comm_Split, y con MPI_Cart_sub, ciertos bloques del código son activables o desactivables de forma transparente, para realizar la división de procesos en comunicadores de formas diferentes.

Podemos alterar el funcionamiento de dos apartados importantes de la práctica:
* Difusión de parámetros

|   \#define   | Descripción |
|--------------|-------------|
| BCAST_PACKED | La difusión de parámetros se realiza mediante una serie de MPI_Pack's en el proceso #0, y se desempaqueta en el resto con los MPI_Unpack's correspondientes |
| BCAST_STRUCT | La difusión de parámetros se realiza mediante la definición de un tipo struct de MPI, se rellenan los campos de la struct en el proceso #0, se difunden al resto de procesos, donde se asignan los valores de las variables locales a los que trae rellenados la struct |

* Definición de comunicadores fila y columna

|   \#define   | Descripción |
|--------------|-------------|
| COMM_SUBTOPO | Se crea un comunicador cartesiano entre todos los procesos, y sobre él se definen los comunicadores fila y columna mediante subtopologías |
|  COMM_SPLIT  | Se crean los comunicadores fila y columna en base al rank con MPI_Comm_split |

### Compilación
    [alonso@anarchy-alonso:AC/p3]$ make
    mpicc -Wall -g   -c -o main.o main.c
    mpicc -Wall -g  -o main main.o -lm


### Ejecución
Por comodidad he reordenado los tiempos de los procesos para que aparezcan en orden, pero nótese que aparecen en orden aleatorio. Esto se puede arreglar mediante sends y recvs, o con un gather, pero la verdad es que es complicarse mucho la vida para mostrar unos tempos y que queden bonitos.
 
#### 5 Procesos
    [alonso@anarchy-alonso:AC/p2]$ mpirun -np 5 ./main 17 13 9 1 1 1
    -> m=17
    -> k=13
    -> n=9

    Matriz A es...
    1.000000 2.000000 3.000000 4.000000 5.000000 6.000000 7.000000 8.000000 9.000000 10.000000 11.000000 12.000000 13.000000 
    2.000000 3.000000 4.000000 5.000000 6.000000 7.000000 8.000000 9.000000 10.000000 11.000000 12.000000 13.000000 14.000000 
    3.000000 4.000000 5.000000 6.000000 7.000000 8.000000 9.000000 10.000000 11.000000 12.000000 13.000000 14.000000 15.000000 
    4.000000 5.000000 6.000000 7.000000 8.000000 9.000000 10.000000 11.000000 12.000000 13.000000 14.000000 15.000000 16.000000 
    5.000000 6.000000 7.000000 8.000000 9.000000 10.000000 11.000000 12.000000 13.000000 14.000000 15.000000 16.000000 17.000000 
    6.000000 7.000000 8.000000 9.000000 10.000000 11.000000 12.000000 13.000000 14.000000 15.000000 16.000000 17.000000 18.000000 
    7.000000 8.000000 9.000000 10.000000 11.000000 12.000000 13.000000 14.000000 15.000000 16.000000 17.000000 18.000000 19.000000 
    8.000000 9.000000 10.000000 11.000000 12.000000 13.000000 14.000000 15.000000 16.000000 17.000000 18.000000 19.000000 20.000000 
    9.000000 10.000000 11.000000 12.000000 13.000000 14.000000 15.000000 16.000000 17.000000 18.000000 19.000000 20.000000 21.000000 
    10.000000 11.000000 12.000000 13.000000 14.000000 15.000000 16.000000 17.000000 18.000000 19.000000 20.000000 21.000000 22.000000 
    11.000000 12.000000 13.000000 14.000000 15.000000 16.000000 17.000000 18.000000 19.000000 20.000000 21.000000 22.000000 23.000000 
    12.000000 13.000000 14.000000 15.000000 16.000000 17.000000 18.000000 19.000000 20.000000 21.000000 22.000000 23.000000 24.000000 
    13.000000 14.000000 15.000000 16.000000 17.000000 18.000000 19.000000 20.000000 21.000000 22.000000 23.000000 24.000000 25.000000 
    14.000000 15.000000 16.000000 17.000000 18.000000 19.000000 20.000000 21.000000 22.000000 23.000000 24.000000 25.000000 26.000000 
    15.000000 16.000000 17.000000 18.000000 19.000000 20.000000 21.000000 22.000000 23.000000 24.000000 25.000000 26.000000 27.000000 
    16.000000 17.000000 18.000000 19.000000 20.000000 21.000000 22.000000 23.000000 24.000000 25.000000 26.000000 27.000000 28.000000 
    17.000000 18.000000 19.000000 20.000000 21.000000 22.000000 23.000000 24.000000 25.000000 26.000000 27.000000 28.000000 29.000000 

    Matriz B es...
    1.000000 2.000000 3.000000 4.000000 5.000000 6.000000 7.000000 8.000000 9.000000 
    2.000000 3.000000 4.000000 5.000000 6.000000 7.000000 8.000000 9.000000 10.000000 
    3.000000 4.000000 5.000000 6.000000 7.000000 8.000000 9.000000 10.000000 11.000000 
    4.000000 5.000000 6.000000 7.000000 8.000000 9.000000 10.000000 11.000000 12.000000 
    5.000000 6.000000 7.000000 8.000000 9.000000 10.000000 11.000000 12.000000 13.000000 
    6.000000 7.000000 8.000000 9.000000 10.000000 11.000000 12.000000 13.000000 14.000000 
    7.000000 8.000000 9.000000 10.000000 11.000000 12.000000 13.000000 14.000000 15.000000 
    8.000000 9.000000 10.000000 11.000000 12.000000 13.000000 14.000000 15.000000 16.000000 
    9.000000 10.000000 11.000000 12.000000 13.000000 14.000000 15.000000 16.000000 17.000000 
    10.000000 11.000000 12.000000 13.000000 14.000000 15.000000 16.000000 17.000000 18.000000 
    11.000000 12.000000 13.000000 14.000000 15.000000 16.000000 17.000000 18.000000 19.000000 
    12.000000 13.000000 14.000000 15.000000 16.000000 17.000000 18.000000 19.000000 20.000000 
    13.000000 14.000000 15.000000 16.000000 17.000000 18.000000 19.000000 20.000000 21.000000 


    Matriz C es...
    819.000000 910.000000 1001.000000 1092.000000 1183.000000 1274.000000 1365.000000 1456.000000 1547.000000 
    910.000000 1014.000000 1118.000000 1222.000000 1326.000000 1430.000000 1534.000000 1638.000000 1742.000000 
    1001.000000 1118.000000 1235.000000 1352.000000 1469.000000 1586.000000 1703.000000 1820.000000 1937.000000 
    1092.000000 1222.000000 1352.000000 1482.000000 1612.000000 1742.000000 1872.000000 2002.000000 2132.000000 
    1183.000000 1326.000000 1469.000000 1612.000000 1755.000000 1898.000000 2041.000000 2184.000000 2327.000000 
    1274.000000 1430.000000 1586.000000 1742.000000 1898.000000 2054.000000 2210.000000 2366.000000 2522.000000 
    1365.000000 1534.000000 1703.000000 1872.000000 2041.000000 2210.000000 2379.000000 2548.000000 2717.000000 
    1456.000000 1638.000000 1820.000000 2002.000000 2184.000000 2366.000000 2548.000000 2730.000000 2912.000000 
    1547.000000 1742.000000 1937.000000 2132.000000 2327.000000 2522.000000 2717.000000 2912.000000 3107.000000 
    1638.000000 1846.000000 2054.000000 2262.000000 2470.000000 2678.000000 2886.000000 3094.000000 3302.000000 
    1729.000000 1950.000000 2171.000000 2392.000000 2613.000000 2834.000000 3055.000000 3276.000000 3497.000000 
    1820.000000 2054.000000 2288.000000 2522.000000 2756.000000 2990.000000 3224.000000 3458.000000 3692.000000 
    1911.000000 2158.000000 2405.000000 2652.000000 2899.000000 3146.000000 3393.000000 3640.000000 3887.000000 
    2002.000000 2262.000000 2522.000000 2782.000000 3042.000000 3302.000000 3562.000000 3822.000000 4082.000000 
    2093.000000 2366.000000 2639.000000 2912.000000 3185.000000 3458.000000 3731.000000 4004.000000 4277.000000 
    2184.000000 2470.000000 2756.000000 3042.000000 3328.000000 3614.000000 3900.000000 4186.000000 4472.000000 
    2275.000000 2574.000000 2873.000000 3172.000000 3471.000000 3770.000000 4069.000000 4368.000000 4667.000000 

    Errores: 0


    Tiempo de ejecución del proceso #0: 0.016652
    Tiempo de ejecución del proceso #1: 0.000022
    Tiempo de ejecución del proceso #2: 0.000014
    Tiempo de ejecución del proceso #3: 0.000015
    Tiempo de ejecución del proceso #4: 0.000010

#### 8 Procesos
    [alonso@anarchy-alonso:AC/p2]$ mpirun -np 8 ./main 17 13 9 1 1 1
    -> m=17
    -> k=13
    -> n=9

    Matriz A es...
    1.000000 2.000000 3.000000 4.000000 5.000000 6.000000 7.000000 8.000000 9.000000 10.000000 11.000000 12.000000 13.000000 
    2.000000 3.000000 4.000000 5.000000 6.000000 7.000000 8.000000 9.000000 10.000000 11.000000 12.000000 13.000000 14.000000 
    3.000000 4.000000 5.000000 6.000000 7.000000 8.000000 9.000000 10.000000 11.000000 12.000000 13.000000 14.000000 15.000000 
    4.000000 5.000000 6.000000 7.000000 8.000000 9.000000 10.000000 11.000000 12.000000 13.000000 14.000000 15.000000 16.000000 
    5.000000 6.000000 7.000000 8.000000 9.000000 10.000000 11.000000 12.000000 13.000000 14.000000 15.000000 16.000000 17.000000 
    6.000000 7.000000 8.000000 9.000000 10.000000 11.000000 12.000000 13.000000 14.000000 15.000000 16.000000 17.000000 18.000000 
    7.000000 8.000000 9.000000 10.000000 11.000000 12.000000 13.000000 14.000000 15.000000 16.000000 17.000000 18.000000 19.000000 
    8.000000 9.000000 10.000000 11.000000 12.000000 13.000000 14.000000 15.000000 16.000000 17.000000 18.000000 19.000000 20.000000 
    9.000000 10.000000 11.000000 12.000000 13.000000 14.000000 15.000000 16.000000 17.000000 18.000000 19.000000 20.000000 21.000000 
    10.000000 11.000000 12.000000 13.000000 14.000000 15.000000 16.000000 17.000000 18.000000 19.000000 20.000000 21.000000 22.000000 
    11.000000 12.000000 13.000000 14.000000 15.000000 16.000000 17.000000 18.000000 19.000000 20.000000 21.000000 22.000000 23.000000 
    12.000000 13.000000 14.000000 15.000000 16.000000 17.000000 18.000000 19.000000 20.000000 21.000000 22.000000 23.000000 24.000000 
    13.000000 14.000000 15.000000 16.000000 17.000000 18.000000 19.000000 20.000000 21.000000 22.000000 23.000000 24.000000 25.000000 
    14.000000 15.000000 16.000000 17.000000 18.000000 19.000000 20.000000 21.000000 22.000000 23.000000 24.000000 25.000000 26.000000 
    15.000000 16.000000 17.000000 18.000000 19.000000 20.000000 21.000000 22.000000 23.000000 24.000000 25.000000 26.000000 27.000000 
    16.000000 17.000000 18.000000 19.000000 20.000000 21.000000 22.000000 23.000000 24.000000 25.000000 26.000000 27.000000 28.000000 
    17.000000 18.000000 19.000000 20.000000 21.000000 22.000000 23.000000 24.000000 25.000000 26.000000 27.000000 28.000000 29.000000 

    Matriz B es...
    1.000000 2.000000 3.000000 4.000000 5.000000 6.000000 7.000000 8.000000 9.000000 
    2.000000 3.000000 4.000000 5.000000 6.000000 7.000000 8.000000 9.000000 10.000000 
    3.000000 4.000000 5.000000 6.000000 7.000000 8.000000 9.000000 10.000000 11.000000 
    4.000000 5.000000 6.000000 7.000000 8.000000 9.000000 10.000000 11.000000 12.000000 
    5.000000 6.000000 7.000000 8.000000 9.000000 10.000000 11.000000 12.000000 13.000000 
    6.000000 7.000000 8.000000 9.000000 10.000000 11.000000 12.000000 13.000000 14.000000 
    7.000000 8.000000 9.000000 10.000000 11.000000 12.000000 13.000000 14.000000 15.000000 
    8.000000 9.000000 10.000000 11.000000 12.000000 13.000000 14.000000 15.000000 16.000000 
    9.000000 10.000000 11.000000 12.000000 13.000000 14.000000 15.000000 16.000000 17.000000 
    10.000000 11.000000 12.000000 13.000000 14.000000 15.000000 16.000000 17.000000 18.000000 
    11.000000 12.000000 13.000000 14.000000 15.000000 16.000000 17.000000 18.000000 19.000000 
    12.000000 13.000000 14.000000 15.000000 16.000000 17.000000 18.000000 19.000000 20.000000 
    13.000000 14.000000 15.000000 16.000000 17.000000 18.000000 19.000000 20.000000 21.000000 


    Matriz C es...
    819.000000 910.000000 1001.000000 1092.000000 1183.000000 1274.000000 1365.000000 1456.000000 1547.000000 
    910.000000 1014.000000 1118.000000 1222.000000 1326.000000 1430.000000 1534.000000 1638.000000 1742.000000 
    1001.000000 1118.000000 1235.000000 1352.000000 1469.000000 1586.000000 1703.000000 1820.000000 1937.000000 
    1092.000000 1222.000000 1352.000000 1482.000000 1612.000000 1742.000000 1872.000000 2002.000000 2132.000000 
    1183.000000 1326.000000 1469.000000 1612.000000 1755.000000 1898.000000 2041.000000 2184.000000 2327.000000 
    1274.000000 1430.000000 1586.000000 1742.000000 1898.000000 2054.000000 2210.000000 2366.000000 2522.000000 
    1365.000000 1534.000000 1703.000000 1872.000000 2041.000000 2210.000000 2379.000000 2548.000000 2717.000000 
    1456.000000 1638.000000 1820.000000 2002.000000 2184.000000 2366.000000 2548.000000 2730.000000 2912.000000 
    1547.000000 1742.000000 1937.000000 2132.000000 2327.000000 2522.000000 2717.000000 2912.000000 3107.000000 
    1638.000000 1846.000000 2054.000000 2262.000000 2470.000000 2678.000000 2886.000000 3094.000000 3302.000000 
    1729.000000 1950.000000 2171.000000 2392.000000 2613.000000 2834.000000 3055.000000 3276.000000 3497.000000 
    1820.000000 2054.000000 2288.000000 2522.000000 2756.000000 2990.000000 3224.000000 3458.000000 3692.000000 
    1911.000000 2158.000000 2405.000000 2652.000000 2899.000000 3146.000000 3393.000000 3640.000000 3887.000000 
    2002.000000 2262.000000 2522.000000 2782.000000 3042.000000 3302.000000 3562.000000 3822.000000 4082.000000 
    2093.000000 2366.000000 2639.000000 2912.000000 3185.000000 3458.000000 3731.000000 4004.000000 4277.000000 
    2184.000000 2470.000000 2756.000000 3042.000000 3328.000000 3614.000000 3900.000000 4186.000000 4472.000000 
    2275.000000 2574.000000 2873.000000 3172.000000 3471.000000 3770.000000 4069.000000 4368.000000 4667.000000 


    Errores: 0

    Tiempo de ejecución del proceso #0: 0.029517
    Tiempo de ejecución del proceso #1: 0.042368
    Tiempo de ejecución del proceso #2: 0.000019
    Tiempo de ejecución del proceso #3: 0.029379
    Tiempo de ejecución del proceso #4: 0.000014
    Tiempo de ejecución del proceso #5: 0.023495
    Tiempo de ejecución del proceso #6: 0.000010
    Tiempo de ejecución del proceso #7: 0.006110

#### 10 Procesos
    [alonso@anarchy-alonso:AC/p2]$ mpirun -np 10 ./main 17 13 9 1 1 1
    -> m=17
    -> k=13
    -> n=9

    Matriz A es...
    1.000000 2.000000 3.000000 4.000000 5.000000 6.000000 7.000000 8.000000 9.000000 10.000000 11.000000 12.000000 13.000000 
    2.000000 3.000000 4.000000 5.000000 6.000000 7.000000 8.000000 9.000000 10.000000 11.000000 12.000000 13.000000 14.000000 
    3.000000 4.000000 5.000000 6.000000 7.000000 8.000000 9.000000 10.000000 11.000000 12.000000 13.000000 14.000000 15.000000 
    4.000000 5.000000 6.000000 7.000000 8.000000 9.000000 10.000000 11.000000 12.000000 13.000000 14.000000 15.000000 16.000000 
    5.000000 6.000000 7.000000 8.000000 9.000000 10.000000 11.000000 12.000000 13.000000 14.000000 15.000000 16.000000 17.000000 
    6.000000 7.000000 8.000000 9.000000 10.000000 11.000000 12.000000 13.000000 14.000000 15.000000 16.000000 17.000000 18.000000 
    7.000000 8.000000 9.000000 10.000000 11.000000 12.000000 13.000000 14.000000 15.000000 16.000000 17.000000 18.000000 19.000000 
    8.000000 9.000000 10.000000 11.000000 12.000000 13.000000 14.000000 15.000000 16.000000 17.000000 18.000000 19.000000 20.000000 
    9.000000 10.000000 11.000000 12.000000 13.000000 14.000000 15.000000 16.000000 17.000000 18.000000 19.000000 20.000000 21.000000 
    10.000000 11.000000 12.000000 13.000000 14.000000 15.000000 16.000000 17.000000 18.000000 19.000000 20.000000 21.000000 22.000000 
    11.000000 12.000000 13.000000 14.000000 15.000000 16.000000 17.000000 18.000000 19.000000 20.000000 21.000000 22.000000 23.000000 
    12.000000 13.000000 14.000000 15.000000 16.000000 17.000000 18.000000 19.000000 20.000000 21.000000 22.000000 23.000000 24.000000 
    13.000000 14.000000 15.000000 16.000000 17.000000 18.000000 19.000000 20.000000 21.000000 22.000000 23.000000 24.000000 25.000000 
    14.000000 15.000000 16.000000 17.000000 18.000000 19.000000 20.000000 21.000000 22.000000 23.000000 24.000000 25.000000 26.000000 
    15.000000 16.000000 17.000000 18.000000 19.000000 20.000000 21.000000 22.000000 23.000000 24.000000 25.000000 26.000000 27.000000 
    16.000000 17.000000 18.000000 19.000000 20.000000 21.000000 22.000000 23.000000 24.000000 25.000000 26.000000 27.000000 28.000000 
    17.000000 18.000000 19.000000 20.000000 21.000000 22.000000 23.000000 24.000000 25.000000 26.000000 27.000000 28.000000 29.000000 

    Matriz B es...
    1.000000 2.000000 3.000000 4.000000 5.000000 6.000000 7.000000 8.000000 9.000000 
    2.000000 3.000000 4.000000 5.000000 6.000000 7.000000 8.000000 9.000000 10.000000 
    3.000000 4.000000 5.000000 6.000000 7.000000 8.000000 9.000000 10.000000 11.000000 
    4.000000 5.000000 6.000000 7.000000 8.000000 9.000000 10.000000 11.000000 12.000000 
    5.000000 6.000000 7.000000 8.000000 9.000000 10.000000 11.000000 12.000000 13.000000 
    6.000000 7.000000 8.000000 9.000000 10.000000 11.000000 12.000000 13.000000 14.000000 
    7.000000 8.000000 9.000000 10.000000 11.000000 12.000000 13.000000 14.000000 15.000000 
    8.000000 9.000000 10.000000 11.000000 12.000000 13.000000 14.000000 15.000000 16.000000 
    9.000000 10.000000 11.000000 12.000000 13.000000 14.000000 15.000000 16.000000 17.000000 
    10.000000 11.000000 12.000000 13.000000 14.000000 15.000000 16.000000 17.000000 18.000000 
    11.000000 12.000000 13.000000 14.000000 15.000000 16.000000 17.000000 18.000000 19.000000 
    12.000000 13.000000 14.000000 15.000000 16.000000 17.000000 18.000000 19.000000 20.000000 
    13.000000 14.000000 15.000000 16.000000 17.000000 18.000000 19.000000 20.000000 21.000000 


    Matriz C es...
    819.000000 910.000000 1001.000000 1092.000000 1183.000000 1274.000000 1365.000000 1456.000000 1547.000000 
    910.000000 1014.000000 1118.000000 1222.000000 1326.000000 1430.000000 1534.000000 1638.000000 1742.000000 
    1001.000000 1118.000000 1235.000000 1352.000000 1469.000000 1586.000000 1703.000000 1820.000000 1937.000000 
    1092.000000 1222.000000 1352.000000 1482.000000 1612.000000 1742.000000 1872.000000 2002.000000 2132.000000 
    1183.000000 1326.000000 1469.000000 1612.000000 1755.000000 1898.000000 2041.000000 2184.000000 2327.000000 
    1274.000000 1430.000000 1586.000000 1742.000000 1898.000000 2054.000000 2210.000000 2366.000000 2522.000000 
    1365.000000 1534.000000 1703.000000 1872.000000 2041.000000 2210.000000 2379.000000 2548.000000 2717.000000 
    1456.000000 1638.000000 1820.000000 2002.000000 2184.000000 2366.000000 2548.000000 2730.000000 2912.000000 
    1547.000000 1742.000000 1937.000000 2132.000000 2327.000000 2522.000000 2717.000000 2912.000000 3107.000000 
    1638.000000 1846.000000 2054.000000 2262.000000 2470.000000 2678.000000 2886.000000 3094.000000 3302.000000 
    1729.000000 1950.000000 2171.000000 2392.000000 2613.000000 2834.000000 3055.000000 3276.000000 3497.000000 
    1820.000000 2054.000000 2288.000000 2522.000000 2756.000000 2990.000000 3224.000000 3458.000000 3692.000000 
    1911.000000 2158.000000 2405.000000 2652.000000 2899.000000 3146.000000 3393.000000 3640.000000 3887.000000 
    2002.000000 2262.000000 2522.000000 2782.000000 3042.000000 3302.000000 3562.000000 3822.000000 4082.000000 
    2093.000000 2366.000000 2639.000000 2912.000000 3185.000000 3458.000000 3731.000000 4004.000000 4277.000000 
    2184.000000 2470.000000 2756.000000 3042.000000 3328.000000 3614.000000 3900.000000 4186.000000 4472.000000 
    2275.000000 2574.000000 2873.000000 3172.000000 3471.000000 3770.000000 4069.000000 4368.000000 4667.000000 


    Errores: 0

    Tiempo de ejecución del proceso #0: 0.099216
    Tiempo de ejecución del proceso #1: 0.000007
    Tiempo de ejecución del proceso #2: 0.015718
    Tiempo de ejecución del proceso #3: 0.081840
    Tiempo de ejecución del proceso #4: 0.000024
    Tiempo de ejecución del proceso #5: 0.000007
    Tiempo de ejecución del proceso #6: 0.000014
    Tiempo de ejecución del proceso #7: 0.000011
    Tiempo de ejecución del proceso #8: 0.046191
    Tiempo de ejecución del proceso #9: 0.000009
